20 3 16
Learning rate 0.18


HiddenBias
    -1.7442    -7.6099   -11.0632    -7.4408    -2.7885    -7.1321    -5.2075   -12.7435    -5.3201     2.4495    -1.5905
    -3.7792    -0.3606    -4.0372    -5.1646    -0.0811

WeightsIH
 0:    -2.7828   -15.3286    -4.3279    -1.8310    10.5732    -4.9936     7.1537     5.1508    -8.7980     4.8493    -7.7602
    -4.6865     6.1911     7.4099    -1.1615     1.7485
 1:     2.2391    -4.4624    -8.5046     0.7322   -12.4434    -3.3037    -5.8649    -3.1968    -0.2337    -1.7619    -8.9233
    -3.3501     1.8989     6.1634   -10.3715     1.3913
 2:   -17.4131     0.8563   -12.4500   -10.8472    -6.6543    -2.3685    -9.9399    -2.4955   -10.3117     1.7542     8.2921
     0.9065    -5.1384    -6.8546    -7.0633     4.7079
 3:    -4.9693     1.6544     7.7437   -14.0961    -2.4249    11.0747    10.0735    -1.5158    -4.8677    -9.7411    -5.4781
    -5.3916    -0.2247    -4.5035    -4.3681     3.1525
 4:    -2.1645    11.3565    13.2206    15.5339    -4.2338     4.8670     4.0176    -5.0047     7.8960     5.1049    18.4952
    -4.2385     3.7342   -10.3038     1.5239     6.0668
 5:     5.7258     4.0614    12.0901    13.3419    17.8422    -0.8073    -8.5410     3.5123     4.2704    -7.5474    10.2485
    10.1074   -15.1843    13.0599     0.1278    -2.1095
 6:    -1.9109    -6.2082    10.8021    11.6868    -6.7436   -15.0731     5.2623    -2.3766   -14.7757     6.7749    -0.5071
    11.4119     3.0309    -2.2993    -0.7860   -15.6670
 7:     5.4221    -1.9089     1.8889    -3.5428   -17.0701     3.2236    -3.9751     0.7098    -2.5720    -7.9978     5.1425
     2.8949     9.2086     2.6348     6.7197    -0.7609
 8:    -0.2086    -9.0031     2.1313    -0.4012     4.1902    12.8471    10.1043    -8.3147     3.9091     4.1899   -14.8793
     8.3632    -2.1181   -10.2083    -6.1504    11.2775
 9:    -8.7942    -7.4106    16.8760    -0.4952     4.8217     0.5035    15.3216    -5.7992    -9.9274    -7.2958    -0.9043
    -2.5781    -8.3301    -6.0192     4.2701     0.2861
10:    -2.5408     5.5402    -8.5229     0.0049    14.4099    -6.4357    -4.8990   -11.4164   -11.2698    -0.9879    -2.2523
    -1.2278    -7.5215    10.9124     0.9322     2.9811
11:    -7.3224     6.0610    -5.3227     1.2006     5.0024    -9.5781    -3.7476     7.4782    -6.4012   -12.6834     6.7037
    -1.3807    -7.9586    -1.9279     5.9421    -2.7173
12:     1.0764     8.1632    -9.9955     3.5015     4.4045    11.5082     1.2780     4.0879    12.4881    10.1504     4.2394
    -1.7128    -2.4581     2.3135     6.9018    -4.8582
13:    10.4129    -1.4569    -7.8485    -3.4785    -4.7769     6.6990    -2.4159    -6.8568     2.9659    -7.6206   -12.3003
    -8.4573     6.6230     4.9592     3.9076    -4.8639
14:    12.3234     6.4814    12.4544    -9.6629     0.5563    -3.7794    14.1036    -4.3358     0.8476     8.6839    -0.2632
     7.5724     7.0291     9.6497     0.4244   -16.4195
15:    -4.0457     8.0947    -6.7235     1.1269   -17.1953     3.4366    -7.6719    -2.2387    -6.4959    -0.6247     1.0634
     6.1122     5.2054    -2.6970     2.5366     6.1333
16:    -1.0934     8.1226    -3.1074    -0.0549     8.7562    -1.3311    -6.8873    -3.9944     3.8775    -4.1230    13.0811
    -7.0603   -11.4340    -6.6004     8.5774   -11.4059
17:    -9.9536    -9.0023    -3.6662   -11.6890    -4.5861   -15.1671   -14.0797     4.8228     5.7040    -1.1515     4.2408
     3.1224    -1.5877   -11.2454    -6.1906    -1.6974
18:     9.6821    -4.5054    -1.1274    10.4234    -3.1681    -6.7094     1.6746    18.5585    11.6431    -3.6102     3.7161
    -3.3510    -3.7301     5.8150    -7.8242    -6.5293
19:    -1.3627     5.2879    12.6499    -1.1475     2.4350    11.2032    -4.8166     3.1956     4.5357     0.5087    -4.0379
   -10.6480    16.6621    -6.3413    -2.8160    -2.3665


OutputBias
     8.1339    -3.0879   -10.2457

WeightsHO
 0:    10.1960     2.3893   -11.1461
 1:    10.2131     6.8889   -10.6215
 2:   -13.0137    -8.0619    12.9389
 3:    17.9298     6.1304   -17.1794
 4:   -12.7985     7.0266     9.6420
 5:   -20.3145    -8.3126    17.0335
 6:    13.9657    -4.5020   -11.2595
 7:    20.1524     1.9204   -23.9563
 8:   -16.5087    -6.9698    18.0406
 9:    14.4332    -5.4945   -19.6017
10:   -10.8195   -13.3550    12.3419
11:   -10.1072    13.1508     7.2436
12:   -12.9522   -10.1546    14.4318
13:   -14.6589    -3.1109    14.1473
14:    -6.3128    -4.8012     7.1294
15:   -14.9961    -9.8196    16.0091
Time 0 minutes and 0 seconds
