20 3 16
Learning rate 0.18


HiddenBias
    -2.2937    -8.4902   -10.8497    -8.1921    -3.0628    -7.1154    -6.2253   -12.5299    -5.9000     3.5346    -1.1068
    -3.4316    -1.3471    -4.2752    -4.5071    -0.9946

WeightsIH
 0:    -2.7651   -15.6093    -4.1568    -2.0128    10.7797    -4.6921     6.3353     5.1872    -9.5406     5.5064    -7.5600
    -5.5731     5.4645     7.0989    -1.1134     0.8643
 1:     2.0270    -4.8603    -8.3304     0.6879   -12.3766    -3.1339    -6.8723    -3.1752     0.1989    -0.2844    -8.4476
    -3.7040     2.0189     6.1203   -10.1126     0.7127
 2:   -17.7485     0.4709   -12.2905   -11.2401    -6.5410    -2.3309   -10.6408    -2.7332    -8.6494     2.7412     8.6399
     0.8600    -5.6967    -6.8201    -6.7253     3.9795
 3:    -4.9264     1.1288     7.8926   -15.2413    -2.3901    11.2298     9.5171    -1.3227    -4.4844    -9.8869    -5.2587
    -5.5443    -0.8849    -4.4796    -4.0772     2.3636
 4:    -2.3193    10.8359    13.3143    14.3629    -4.3174     4.7544     3.4633    -5.4393     6.8174     5.0492    18.9089
    -4.7465     3.9359   -10.1564     1.9394     5.4548
 5:     5.2332     3.4697    12.2815    12.7722    17.8498    -1.0410    -9.2301     3.1885     4.3940    -7.3768    10.7653
     9.9082   -15.0363    13.0423     0.5171    -2.6355
 6:    -2.3032    -6.8207    10.9467    11.2826    -6.7905   -15.0545     4.6380    -2.2923   -14.4447     7.5042    -0.0649
    11.1838     2.2107    -2.3298    -0.4310   -16.3397
 7:     4.8719    -2.6025     2.0207    -3.7012   -17.1760     3.3729    -4.8262     0.7807    -1.8228    -7.5922     5.5773
     3.0976     9.0903     2.6907     7.0845    -1.5478
 8:    -0.4038    -9.4321     2.1696     0.2449     3.6244    12.9137     9.6234    -7.8219     3.7806     4.8208   -14.4186
     8.4088    -3.4265   -10.3069    -5.9582    10.4555
 9:    -9.0770    -7.8383    16.8792    -0.1699     4.2188     0.3747    14.7740    -5.4075   -10.0308    -6.4334    -0.6566
    -2.0550    -8.7219    -6.2585     4.5677    -0.4759
10:    -2.9906     4.6983    -8.4877    -0.3717    14.0872    -6.6914    -5.0521   -11.5581   -11.9148    -0.8543    -2.0264
    -0.6191    -7.7968    10.6738     1.4911     2.3932
11:    -7.8122     5.3220    -5.3256     1.0209     4.7112    -9.9084    -4.0263     7.2064    -7.6690   -12.1148     6.7305
    -0.8735    -7.6877    -2.1308     6.5097    -3.1353
12:     0.7582     7.6228    -9.9443     3.1600     4.1778    11.6319     0.7980     4.3558    11.6717    10.0624     4.2594
    -0.8136    -2.6238     2.1902     7.4086    -5.0525
13:    10.3455    -1.9151    -7.7489    -3.8543    -5.1265     6.8350    -2.6820    -6.4250     0.8713    -7.4775   -12.2903
    -7.6540     5.5816     4.9045     4.2192    -5.0721
14:    11.7063     5.9979    12.6784   -10.0415     0.1886    -3.6653    13.6061    -4.5593    -0.0624     9.3519     0.0350
     8.6649     6.4264     9.6889     0.7830   -16.5645
15:    -4.8791     7.7847    -6.5590     0.0006   -17.6171     3.5708    -7.9389    -2.5035    -6.1681    -0.4193     1.1756
     7.2018     4.6070    -2.7296     2.9226     6.0870
16:    -1.6796     7.7013    -2.9733    -0.5606     8.8108    -1.1969    -7.1244    -3.5347     4.6409    -2.9640    12.8932
    -6.2334   -12.9073    -6.8683     8.9499   -11.4926
17:   -10.3073    -9.4327    -3.5332   -11.9456    -4.5778   -15.0033   -14.3030     5.1179     5.5634     0.4762     4.1592
     3.6034    -2.8372   -11.3602    -5.7502    -1.7086
18:     9.1782    -5.0924    -1.0548     9.9487    -3.2139    -6.5723     1.1905    19.0492    12.1889    -3.1102     3.6972
    -2.9280    -4.0872     5.5289    -7.5180    -6.6113
19:    -2.0709     4.7644    12.7176    -1.8444     2.5338    11.0785    -5.2079     3.2539     5.6408     0.4230    -3.8488
    -9.8360    16.3294    -6.5084    -2.3455    -2.6166


OutputBias
    10.3448    -3.7252   -11.6071

WeightsHO
 0:    11.2699     2.3886   -11.8843
 1:     9.8853     6.8629   -10.3529
 2:   -12.1965    -8.3703    12.3322
 3:    18.4512     5.8634   -17.9177
 4:   -12.6600     6.4992     9.7041
 5:   -20.3056    -8.3128    17.2169
 6:    14.4319    -4.8194   -11.4909
 7:    20.2757     1.9204   -23.8801
 8:   -15.7943    -6.9698    17.5419
 9:    15.0113    -5.7555   -19.3199
10:    -9.0966   -13.5680    11.0318
11:    -9.6351    12.6770     7.1424
12:   -13.1287   -10.1810    15.0231
13:   -14.6434    -3.2381    14.2430
14:    -6.4538    -4.9688     7.0495
15:   -14.5361    -9.8205    15.8245
Time 0 minutes and 0 seconds
